SDTrimSP: VERSION 6.03    17.06.2025
SDTrimSP-Ar-Ti -Panjan-ver3                                                     
          10   maxnumber history (backscattered-projectile)    
    i_traj     ihist     iproj    parent     ncoll   species       ibn  termflag
        13         1        14         0         3         1         6         2
         k              x              y              z          ptime         energy
         0 -4.3949127E+00  0.0000000E+00  0.0000000E+00  0.0000000E+00  5.0000000E+02
         1  7.6012437E-01  1.1446482E-15  0.0000000E+00  4.5247679E+00  1.2282566E+02
         2  1.6184566E+00  1.7877815E+00 -1.0631656E+00  1.3803267E+01  8.4314871E+01
         3  1.7496072E+00  3.1287688E+00 -2.9028288E+00  2.5165695E+01  2.0738111E+01
         4 -2.9181481E-01  5.1170575E+00 -2.3798429E+00  2.5165695E+01  1.6372858E+01
         5 -5.9765651E+00  7.9405931E+00  2.1358997E+00  2.5165695E+01  1.6372858E+01
    i_traj     ihist     iproj    parent     ncoll   species       ibn  termflag
        22         1        23         0         6         1         9         2
         k              x              y              z          ptime         energy
         0 -4.3949127E+00  0.0000000E+00  0.0000000E+00  0.0000000E+00  5.0000000E+02
         1  1.7763967E-01  1.0153106E-15  0.0000000E+00  4.7424980E+00  3.9345808E+02
         2  2.3468545E+00 -1.2642171E+00 -1.0550842E-01  1.0526471E+01  2.8252621E+02
         3  3.5719698E+00 -2.9364514E+00 -1.4609591E+00  1.7255415E+01  1.8445805E+02
         4  3.2774402E+00 -5.1541903E+00 -2.5373900E+00  2.5607148E+01  1.3247332E+02
         5  2.0665241E+00 -6.6251837E+00 -3.8640063E+00  3.4831154E+01  3.1021517E+01
         6  1.9565076E+00 -5.7215412E+00 -5.7532467E+00  5.2084912E+01  1.6181530E+01
         7 -1.7069071E-01 -4.3314234E+00 -7.6505182E+00  5.2084912E+01  1.6007471E+01
         8 -5.5244834E+00 -1.6888041E+00 -1.2653931E+01  5.2084912E+01  1.6007471E+01
    i_traj     ihist     iproj    parent     ncoll   species       ibn  termflag
        31         1        32         0         4         1         6         2
         k              x              y              z          ptime         energy
         0 -4.3949127E+00  0.0000000E+00  0.0000000E+00  0.0000000E+00  5.0000000E+02
         1  1.0067218E+00  1.1994038E-15  0.0000000E+00  4.6289943E+00  2.8700365E+02
         2  2.7580456E+00 -1.4954113E+00  4.8892268E-01  1.0977437E+01  6.2538593E+01
         3  2.2261477E+00 -2.7731206E+00  2.0678603E+00  2.3121750E+01  3.5059924E+01
         4  1.6367060E+00 -2.4187105E+00  4.2852056E+00  4.1091219E+01  1.9038195E+01
         5 -4.5487916E+00 -1.5100260E+00  9.8131540E+00  4.1091219E+01  1.9038195E+01
    i_traj     ihist     iproj    parent     ncoll   species       ibn  termflag
        47         1        48         0         2         1         5         2
         k              x              y              z          ptime         energy
         0 -4.3949127E+00  0.0000000E+00  0.0000000E+00  0.0000000E+00  5.0000000E+02
         1  1.9345900E+00  1.4054319E-15  0.0000000E+00  4.4861605E+00  3.0840418E+01
         2  1.9533764E+00  1.7615504E+00 -5.0108282E-02  1.9015780E+01  1.1279542E+01
         3 -2.1508795E-01  2.9369324E+00 -1.9864833E+00  1.9015780E+01  8.2013357E+00
         4 -5.8860571E+00  1.2432660E+00 -7.0512907E+00  1.9015780E+01  8.2013357E+00
    i_traj     ihist     iproj    parent     ncoll   species       ibn  termflag
        84         1        85         0         2         1         4         2
         k              x              y              z          ptime         energy
         0 -4.3949127E+00  0.0000000E+00  0.0000000E+00  0.0000000E+00  5.0000000E+02
         1  8.6672955E-01  1.1683193E-15  0.0000000E+00  4.4797902E+00  1.8446256E+01
         2  5.3362671E-01 -1.5989345E+00 -1.1633539E-01  2.1947158E+01  5.6907732E+00
         3 -5.7777199E+00 -3.4488321E+00 -5.2068671E+00  2.1947158E+01  5.6907732E+00
    i_traj     ihist     iproj    parent     ncoll   species       ibn  termflag
        87         1        88         0         9         1        11         2
         k              x              y              z          ptime         energy
         0 -4.3949127E+00  0.0000000E+00  0.0000000E+00  0.0000000E+00  5.0000000E+02
         1  3.4571263E-01  1.0526303E-15  0.0000000E+00  5.0991574E+00  4.9121478E+02
         2  2.8608649E+00 -1.0444126E-01  9.7879395E-02  1.0283951E+01  4.6494907E+02
         3  5.1631218E+00 -7.4431356E-01  2.5241197E-01  1.5354894E+01  1.8381556E+02
         4  5.9421736E+00 -3.0932760E+00  1.0004349E+00  2.4062974E+01  1.7355013E+02
         5  6.6323719E+00 -5.2256089E+00  2.0020801E+00  3.2575961E+01  1.4330015E+02
         6  6.4350707E+00 -6.8508473E+00  3.7124891E+00  4.1616352E+01  6.6041001E+01
         7  4.4090376E+00 -7.3851671E+00  4.8046528E+00  5.4920345E+01  4.4617435E+01
         8  2.3377770E+00 -6.6329392E+00  5.2561187E+00  7.0345319E+01  1.3867051E+01
         9  9.9642205E-01 -6.9593879E+00  6.8939833E+00  9.6780145E+01  5.9498536E+00
        10 -6.7330963E+00 -7.0496416E+00  1.0377531E+01  9.6780145E+01  5.9498536E+00
    i_traj     ihist     iproj    parent     ncoll   species       ibn  termflag
         0         2        22         0         8         1        11         2
         k              x              y              z          ptime         energy
         0 -4.3949127E+00  0.0000000E+00  0.0000000E+00  0.0000000E+00  5.0000000E+02
         1  2.0351179E+00  1.4277536E-15  0.0000000E+00  4.7754557E+00  4.1307741E+02
         2  4.2619844E+00 -1.1079864E+00  1.1370107E-01  1.0368121E+01  2.6785893E+02
         3  5.3574149E+00 -3.5321200E+00 -1.2536060E-01  1.7818128E+01  2.5332598E+02
         4  5.8235317E+00 -5.8938104E+00 -5.7296372E-01  2.4842137E+01  2.0566610E+02
         5  5.2021560E+00 -8.4640852E+00 -6.3895532E-01  3.3264957E+01  1.9045565E+02
         6  4.1236011E+00 -1.0706626E+01 -9.8969670E-01  4.1581480E+01  1.6454558E+02
         7  2.8629173E+00 -1.2264844E+01 -2.1774327E+00  4.9883683E+01  4.8492648E+01
         8  8.2830953E-01 -1.1536284E+01 -2.5360836E+00  6.4288071E+01  2.4868313E+01
         9 -1.4030137E+00 -9.5085265E+00 -3.2999861E+00  6.4288071E+01  2.4617059E+01
        10 -5.4467457E+00 -6.5561750E+00 -4.6787678E+00  6.4288071E+01  2.4617059E+01
    i_traj     ihist     iproj    parent     ncoll   species       ibn  termflag
         1         2        25         0         3         1         5         2
         k              x              y              z          ptime         energy
         0 -4.3949127E+00  0.0000000E+00  0.0000000E+00  0.0000000E+00  5.0000000E+02
         1  4.3646125E-01  1.0727805E-15  0.0000000E+00  4.5149146E+00  1.0113425E+02
         2  1.1505250E+00  1.9187509E+00  9.2228086E-01  1.4722027E+01  7.4518026E+01
         3  3.6879023E-01  3.7630864E+00  2.1432727E+00  2.7152542E+01  3.8120224E+01
         4 -4.9577853E+00  4.4574170E+00  1.1538397E+01  2.7152542E+01  3.8120224E+01
    i_traj     ihist     iproj    parent     ncoll   species       ibn  termflag
         2         2        26         0         8         1        10         2
         k              x              y              z          ptime         energy
         0 -4.3949127E+00  0.0000000E+00  0.0000000E+00  0.0000000E+00  5.0000000E+02
         1  7.7048752E-01  1.1469492E-15  0.0000000E+00  4.6041901E+00  2.5693008E+02
         2  2.5147858E+00 -3.3798714E-01 -1.9928388E+00  1.2207722E+01  2.4613031E+02
         3  3.9165408E+00 -4.8574299E-01 -3.7971409E+00  1.8873431E+01  1.1383278E+02
         4  3.4739524E+00 -8.3002214E-02 -6.3248247E+00  3.0000760E+01  1.0495499E+02
         5  3.7598719E+00  3.1668650E-01 -8.8479432E+00  4.1470296E+01  9.5250466E+01
         6  3.8446070E+00  1.2380706E-01 -1.1348259E+01  5.3225724E+01  8.1181295E+01
         7  3.3179499E+00 -5.6733213E-01 -1.3574793E+01  6.5359873E+01  5.3475910E+01
         8  1.7625406E+00  1.0133734E-01 -1.5244474E+01  8.0249951E+01  2.8263572E+01
         9 -5.4652942E+00  6.5650706E+00 -2.0191610E+01  8.0249951E+01  2.8263572E+01
    i_traj     ihist     iproj    parent     ncoll   species       ibn  termflag
         3         2        42         0         9         1        11         2
         k              x              y              z          ptime         energy
         0 -4.3949127E+00  0.0000000E+00  0.0000000E+00  0.0000000E+00  5.0000000E+02
         1  1.7354062E+00  1.3612042E-15  0.0000000E+00  4.8956072E+00  4.6189326E+02
         2  4.1545494E+00 -6.1758918E-01  2.4762895E-01  1.0224039E+01  3.6657099E+02
         3  6.0994071E+00 -1.6014024E+00  1.5431849E+00  1.6270312E+01  2.8617523E+02
         4  6.8871188E+00 -3.0113711E+00  3.6757869E+00  2.3488163E+01  2.7221912E+02
         5  7.3036720E+00 -4.6124175E+00  5.3907911E+00  3.0084191E+01  1.7066734E+02
         6  6.5210270E+00 -6.8409493E+00  6.0863554E+00  3.8695566E+01  1.1884936E+02
         7  5.5337314E+00 -8.2409860E+00  8.0350482E+00  4.9574723E+01  1.0260896E+02
         8  3.9099354E+00 -9.0146995E+00  9.9303838E+00  6.1368446E+01  9.1826042E+01
         9  2.1488861E+00 -9.5450407E+00  1.1535194E+01  7.3016391E+01  7.1626841E+01
        10 -5.1479659E+00 -7.0017501E+00  1.4265952E+01  7.3016391E+01  7.1626841E+01
 ende
          10   number history from SDTrimSP
